10,10
20,10
30,10
70,10
110,10
120,10
130,10
140,10
150,10
160,10
170,10
180,10
190,10
200,10
210,10
220,10
230,10
240,10
250,10
260,10
270,10
280,10
290,10
300,10
10,20
20,20
30,20
70,20
210,20
220,20
230,20
240,20
250,20
260,20
270,20
280,20
290,20
300,20
10,30
20,30
30,30
220,30
230,30
240,30
250,30
260,30
270,30
280,30
290,30
300,30
10,40
20,40
30,40
100,40
230,40
240,40
250,40
260,40
270,40
280,40
290,40
300,40
10,50
20,50
30,50
90,50
100,50
110,50
120,50
130,50
140,50
150,50
160,50
170,50
250,50
260,50
270,50
280,50
290,50
300,50
10,60
20,60
30,60
40,60
90,60
100,60
110,60
120,60
130,60
140,60
150,60
160,60
170,60
180,60
10,70
20,70
30,70
40,70
50,70
80,70
90,70
100,70
110,70
120,70
130,70
140,70
150,70
160,70
170,70
180,70
190,70
10,80
20,80
30,80
40,80
100,80
110,80
120,80
130,80
140,80
150,80
160,80
170,80
180,80
190,80
200,80
10,90
20,90
30,90
40,90
100,90
110,90
120,90
130,90
140,90
150,90
160,90
170,90
180,90
190,90
200,90
210,90
220,90
230,90
240,90
250,90
260,90
270,90
280,90
290,90
300,90
10,100
20,100
30,100
40,100
100,100
110,100
120,100
130,100
140,100
150,100
160,100
170,100
180,100
190,100
200,100
210,100
220,100
230,100
240,100
250,100
260,100
270,100
280,100
290,100
300,100
10,110
20,110
30,110
40,110
100,110
110,110
120,110
130,110
140,110
150,110
160,110
170,110
10,120
20,120
30,120
40,120
100,120
110,120
120,120
130,120
140,120
150,120
160,120
10,130
20,130
30,130
40,130
70,130
100,130
110,130
120,130
130,130
140,130
150,130
10,140
70,140
220,140
230,140
240,140
250,140
260,140
270,140
280,140
290,140
300,140
70,150
190,150
200,150
210,150
220,150
230,150
240,150
250,150
260,150
270,150
280,150
290,150
300,150
70,160
180,160
190,160
200,160
210,160
220,160
230,160
240,160
250,160
260,160
270,160
280,160
290,160
300,160
60,170
70,170
80,170
140,170
150,170
160,170
170,170
180,170
190,170
200,170
210,170
220,170
230,170
240,170
250,170
260,170
270,170
280,170
290,170
300,170
10,180
20,180
30,180
40,180
50,180
60,180
70,180
80,180
90,180
100,180
110,180
120,180
130,180
140,180
150,180
160,180
170,180
180,180
190,180
200,180
210,180
220,180
230,180
240,180
250,180
260,180
270,180
280,180
290,180
300,180
-1,-1
190,20
60,30
230,50
80,80
200,110
20,140
110,140
-1,-1
190,110
160,130
100,140
130,140
-1,-1
60,30
100,40
90,50
110,50
120,50
130,50
140,50
150,50
160,50
170,50
40,60
180,60
50,70
80,70
190,70
200,80
210,90
220,90
230,90
240,90
250,90
260,90
270,90
280,90
290,90
300,90
70,130
230,140
240,140
250,140
260,140
270,140
280,140
290,140
300,140
200,150
210,150
180,160
60,170
80,170
140,170
150,170
170,170
10,180
20,180
30,180
40,180
50,180
90,180
110,180
120,180
-1,-1
-1,-1
-1,-1
-1,-1
