10,10
20,10
30,10
40,10
50,10
60,10
70,10
80,10
90,10
120,10
130,10
140,10
150,10
160,10
170,10
180,10
190,10
200,10
210,10
220,10
230,10
240,10
250,10
260,10
270,10
280,10
10,20
20,20
30,20
40,20
50,20
60,20
70,20
80,20
90,20
130,20
140,20
150,20
240,20
250,20
260,20
270,20
10,30
20,30
30,30
40,30
50,30
60,30
70,30
80,30
130,30
140,30
150,30
240,30
250,30
260,30
10,40
20,40
30,40
40,40
50,40
60,40
70,40
130,40
140,40
250,40
260,40
10,50
20,50
30,50
40,50
120,50
130,50
140,50
250,50
260,50
270,50
280,50
290,50
300,50
10,60
20,60
30,60
40,60
100,60
110,60
120,60
130,60
260,60
270,60
280,60
290,60
300,60
10,70
20,70
30,70
40,70
90,70
100,70
260,70
270,70
280,70
290,70
300,70
10,80
20,80
30,80
80,80
90,80
100,80
270,80
280,80
290,80
300,80
10,90
20,90
80,90
90,90
280,90
290,90
300,90
10,100
20,100
80,100
90,100
290,100
300,100
10,110
20,110
80,110
90,110
290,110
300,110
10,120
20,120
70,120
80,120
90,120
220,120
280,120
290,120
300,120
10,130
20,130
70,130
80,130
200,130
220,130
280,130
10,140
20,140
80,140
180,140
200,140
220,140
10,150
20,150
160,150
180,150
200,150
220,150
250,150
10,160
20,160
30,160
140,160
160,160
180,160
200,160
220,160
240,160
250,160
10,170
20,170
30,170
40,170
50,170
60,170
70,170
120,170
140,170
160,170
180,170
200,170
220,170
230,170
240,170
250,170
260,170
270,170
280,170
290,170
300,170
10,180
20,180
30,180
40,180
50,180
60,180
70,180
100,180
120,180
140,180
160,180
180,180
200,180
220,180
230,180
240,180
250,180
260,180
270,180
280,180
290,180
300,180
-1,-1
290,10
160,20
180,20
200,20
220,20
50,50
110,70
290,130
-1,-1
-1,-1
120,50
280,50
290,50
300,50
100,60
110,60
90,70
80,80
70,120
220,120
280,120
200,130
180,140
160,150
250,150
30,160
140,160
240,160
40,170
50,170
60,170
70,170
120,170
230,170
260,170
270,170
280,170
290,170
300,170
100,180
-1,-1
-1,-1
-1,-1
270,40
-1,-1
