10,10
20,10
30,10
40,10
50,10
60,10
70,10
80,10
90,10
100,10
110,10
120,10
130,10
140,10
190,10
200,10
210,10
220,10
230,10
240,10
250,10
260,10
270,10
280,10
290,10
300,10
10,20
20,20
30,20
290,20
300,20
10,30
20,30
290,30
300,30
10,40
20,40
290,40
300,40
10,50
20,50
290,50
300,50
10,60
20,60
50,60
60,60
90,60
130,60
150,60
160,60
170,60
200,60
210,60
220,60
230,60
240,60
250,60
290,60
300,60
10,70
20,70
50,70
60,70
70,70
80,70
90,70
100,70
110,70
120,70
130,70
140,70
150,70
160,70
170,70
180,70
190,70
220,70
230,70
240,70
250,70
280,70
290,70
300,70
10,80
20,80
280,80
290,80
300,80
10,90
20,90
290,90
300,90
10,100
20,100
290,100
300,100
10,110
20,110
30,110
290,110
300,110
10,120
20,120
30,120
40,120
50,120
60,120
70,120
80,120
90,120
100,120
110,120
120,120
130,120
140,120
150,120
160,120
170,120
180,120
190,120
200,120
210,120
220,120
270,120
280,120
290,120
300,120
250,130
260,130
270,130
280,130
290,130
300,130
250,140
260,140
270,140
280,140
290,140
300,140
240,150
250,150
260,150
270,150
280,150
290,150
300,150
230,160
240,160
250,160
260,160
270,160
280,160
290,160
300,160
10,170
20,170
30,170
40,170
50,170
60,170
70,170
80,170
90,170
100,170
110,170
120,170
130,170
140,170
150,170
160,170
170,170
180,170
190,170
200,170
210,170
220,170
230,170
240,170
250,170
260,170
270,170
280,170
290,170
300,170
10,180
20,180
30,180
40,180
50,180
60,180
70,180
80,180
90,180
100,180
110,180
120,180
130,180
140,180
150,180
160,180
170,180
180,180
190,180
200,180
210,180
220,180
230,180
240,180
250,180
260,180
270,180
280,180
290,180
300,180
-1,-1
150,10
170,10
60,20
100,20
190,20
220,20
270,20
200,70
50,80
80,80
130,80
170,80
220,80
240,80
20,130
70,130
100,130
150,130
190,130
-1,-1
50,20
90,20
130,20
210,20
250,20
70,80
110,80
150,80
190,80
10,130
50,130
90,130
130,130
170,130
210,130
-1,-1
60,60
200,60
230,60
70,70
80,70
100,70
110,70
120,70
140,70
180,70
190,70
30,110
40,120
50,120
60,120
80,120
90,120
100,120
120,120
130,120
140,120
160,120
170,120
180,120
200,120
210,120
270,120
280,120
260,130
240,150
230,160
20,170
30,170
40,170
60,170
70,170
80,170
100,170
110,170
120,170
140,170
150,170
160,170
180,170
190,170
200,170
220,170
-1,-1
280,60
-1,-1
240,50
-1,-1
220,50
-1,-1
-1,-1
40,30
-1,-1
-1,-1
40,90
-1,-1
-1,-1
80,90
-1,-1
-1,-1
120,90
-1,-1
-1,-1
