10,10
20,10
30,10
40,10
50,10
60,10
70,10
80,10
90,10
100,10
110,10
120,10
130,10
140,10
150,10
160,10
170,10
180,10
190,10
200,10
210,10
220,10
230,10
240,10
250,10
260,10
270,10
280,10
290,10
300,10
10,20
20,20
30,20
40,20
50,20
60,20
70,20
80,20
90,20
100,20
110,20
120,20
130,20
140,20
150,20
160,20
170,20
180,20
190,20
200,20
210,20
220,20
230,20
240,20
250,20
260,20
270,20
280,20
290,20
300,20
10,30
20,30
30,30
40,30
50,30
60,30
70,30
10,40
20,40
30,40
40,40
50,40
60,40
10,50
20,50
30,50
40,50
50,50
60,50
10,60
20,60
30,60
40,60
50,60
60,60
70,60
80,60
90,60
130,60
140,60
150,60
160,60
170,60
180,60
190,60
200,60
210,60
220,60
230,60
240,60
250,60
260,60
270,60
280,60
290,60
300,60
10,70
20,70
30,70
40,70
50,70
60,70
70,70
80,70
170,70
180,70
190,70
200,70
210,70
220,70
230,70
240,70
250,70
260,70
270,70
280,70
290,70
300,70
10,80
20,80
30,80
40,80
50,80
60,80
200,80
210,80
220,80
230,80
240,80
250,80
260,80
270,80
280,80
290,80
300,80
10,90
20,90
30,90
40,90
50,90
210,90
220,90
230,90
240,90
250,90
260,90
270,90
280,90
290,90
300,90
10,100
20,100
30,100
40,100
50,100
210,100
220,100
230,100
240,100
250,100
260,100
270,100
280,100
290,100
300,100
220,110
230,110
240,110
250,110
260,110
270,110
280,110
290,110
300,110
230,120
240,120
250,120
260,120
270,120
280,120
290,120
300,120
230,130
240,130
250,130
260,130
270,130
280,130
290,130
300,130
10,140
20,140
30,140
40,140
50,140
60,140
240,140
250,140
260,140
270,140
280,140
290,140
300,140
10,150
20,150
30,150
40,150
50,150
60,150
240,150
250,150
260,150
270,150
280,150
290,150
300,150
10,160
20,160
30,160
40,160
50,160
250,160
260,160
270,160
280,160
290,160
300,160
10,170
20,170
30,170
40,170
50,170
250,170
260,170
270,170
280,170
290,170
300,170
10,180
20,180
30,180
40,180
250,180
260,180
270,180
280,180
290,180
300,180
-1,-1
-1,-1
-1,-1
70,60
80,60
90,60
130,60
140,60
150,60
160,60
170,60
180,60
190,60
200,60
210,60
220,60
230,60
240,60
250,60
260,60
270,60
280,60
290,60
300,60
10,140
20,140
30,140
40,140
50,140
-1,-1
-1,-1
60,130
-1,-1
-1,-1
