70,10
80,10
90,10
100,10
130,10
160,10
190,10
290,10
300,10
90,20
130,20
160,20
190,20
290,20
300,20
130,30
160,30
290,30
300,30
130,40
160,40
290,40
300,40
10,50
20,50
30,50
40,50
50,50
290,50
300,50
10,60
20,60
30,60
40,60
190,60
290,60
300,60
10,70
20,70
30,70
70,70
130,70
210,70
280,70
290,70
300,70
10,80
110,80
160,80
260,80
270,80
10,90
90,90
230,90
10,100
10,110
250,110
260,110
10,120
260,120
270,120
280,120
10,130
270,130
280,130
290,130
300,130
10,140
20,140
280,140
290,140
300,140
10,150
20,150
280,150
290,150
300,150
10,160
20,160
30,160
290,160
300,160
10,170
20,170
290,170
300,170
10,180
20,180
300,180
-1,-1
10,10
30,10
50,10
70,20
20,80
280,80
40,160
-1,-1
290,90
-1,-1
10,50
20,50
30,50
40,50
190,60
70,70
130,70
210,70
280,70
110,80
160,80
260,80
270,80
90,90
230,90
250,110
260,110
270,120
280,120
300,130
20,140
30,160
40,160
50,160
-1,-1
-1,-1
-1,-1
-1,-1
