10,10
20,10
30,10
40,10
50,10
60,10
70,10
80,10
90,10
100,10
110,10
120,10
130,10
140,10
150,10
160,10
170,10
180,10
190,10
200,10
210,10
220,10
230,10
240,10
250,10
260,10
270,10
280,10
290,10
300,10
10,20
20,20
30,20
40,20
60,20
70,20
80,20
90,20
100,20
110,20
120,20
150,20
160,20
170,20
180,20
190,20
200,20
210,20
220,20
230,20
240,20
250,20
260,20
270,20
280,20
290,20
300,20
10,30
20,30
30,30
70,30
90,30
100,30
110,30
160,30
170,30
190,30
200,30
210,30
220,30
230,30
240,30
250,30
260,30
270,30
280,30
290,30
300,30
10,40
20,40
70,40
100,40
110,40
160,40
170,40
200,40
210,40
240,40
250,40
260,40
280,40
290,40
300,40
10,50
20,50
100,50
110,50
160,50
170,50
210,50
250,50
260,50
280,50
290,50
300,50
10,60
20,60
110,60
160,60
170,60
210,60
250,60
260,60
280,60
290,60
300,60
10,70
20,70
160,70
210,70
260,70
290,70
300,70
160,80
210,80
260,80
290,80
300,80
70,90
80,90
90,90
160,90
280,90
290,90
300,90
60,100
70,100
80,100
90,100
160,100
270,100
280,100
290,100
300,100
50,110
60,110
70,110
80,110
50,120
60,120
70,120
10,130
20,130
10,140
20,140
290,140
300,140
10,150
20,150
30,150
110,150
230,150
240,150
250,150
260,150
270,150
280,150
290,150
300,150
10,160
20,160
30,160
40,160
100,160
110,160
140,160
180,160
190,160
200,160
210,160
220,160
230,160
240,160
250,160
260,160
270,160
280,160
290,160
300,160
10,170
20,170
30,170
40,170
50,170
60,170
70,170
80,170
90,170
100,170
110,170
140,170
150,170
160,170
170,170
180,170
190,170
200,170
210,170
220,170
230,170
240,170
250,170
260,170
270,170
280,170
290,170
300,170
10,180
20,180
30,180
40,180
50,180
60,180
70,180
80,180
90,180
100,180
110,180
140,180
150,180
160,180
170,180
180,180
190,180
200,180
210,180
220,180
230,180
240,180
250,180
260,180
270,180
280,180
290,180
300,180
-1,-1
130,20
220,40
10,80
270,110
60,130
-1,-1
-1,-1
70,90
80,90
280,90
60,100
270,100
50,110
10,130
20,130
290,140
300,140
30,150
110,150
230,150
240,150
250,150
260,150
270,150
280,150
40,160
100,160
140,160
180,160
190,160
200,160
210,160
220,160
50,170
60,170
70,170
80,170
90,170
150,170
160,170
170,170
-1,-1
-1,-1
90,80
-1,-1
-1,-1
