10,10
20,10
30,10
40,10
250,10
260,10
270,10
280,10
290,10
300,10
10,20
250,20
260,20
270,20
280,20
290,20
300,20
240,30
250,30
260,30
270,30
280,30
290,30
300,30
230,40
240,40
250,40
260,40
270,40
280,40
290,40
300,40
230,50
240,50
250,50
260,50
270,50
280,50
290,50
300,50
10,60
20,60
220,60
230,60
240,60
250,60
260,60
270,60
280,60
290,60
300,60
10,70
20,70
30,70
40,70
220,70
230,70
240,70
250,70
260,70
270,70
280,70
290,70
300,70
10,80
20,80
30,80
40,80
230,80
240,80
250,80
260,80
270,80
280,80
290,80
300,80
10,90
20,90
30,90
40,90
240,90
250,90
260,90
270,90
280,90
290,90
300,90
10,100
20,100
30,100
250,100
260,100
270,100
280,100
290,100
300,100
10,110
20,110
30,110
250,110
260,110
270,110
280,110
290,110
300,110
10,120
20,120
30,120
260,120
270,120
280,120
290,120
300,120
10,130
20,130
30,130
260,130
270,130
280,130
290,130
300,130
10,140
20,140
30,140
40,140
260,140
270,140
280,140
290,140
300,140
10,150
20,150
30,150
40,150
260,150
270,150
280,150
290,150
300,150
10,160
20,160
30,160
40,160
50,160
250,160
260,160
270,160
280,160
290,160
300,160
10,170
20,170
30,170
40,170
50,170
250,170
260,170
270,170
280,170
290,170
300,170
10,180
20,180
30,180
40,180
50,180
250,180
260,180
270,180
280,180
290,180
300,180
-1,-1
20,20
-1,-1
-1,-1
240,30
230,40
10,60
20,60
220,60
30,70
40,70
40,140
50,160
-1,-1
-1,-1
-1,-1
250,150
-1,-1
