10,10
20,10
30,10
40,10
50,10
60,10
70,10
80,10
90,10
100,10
110,10
120,10
170,10
180,10
190,10
200,10
210,10
220,10
230,10
240,10
250,10
290,10
300,10
10,20
20,20
30,20
40,20
50,20
60,20
70,20
80,20
90,20
100,20
110,20
180,20
190,20
200,20
210,20
220,20
230,20
240,20
250,20
290,20
300,20
10,30
20,30
30,30
40,30
50,30
60,30
70,30
80,30
210,30
220,30
230,30
240,30
250,30
260,30
290,30
300,30
10,40
20,40
30,40
250,40
290,40
300,40
130,50
140,50
150,50
280,50
290,50
300,50
120,60
130,60
140,60
150,60
160,60
170,60
280,60
290,60
300,60
120,70
130,70
140,70
150,70
160,70
170,70
180,70
290,70
300,70
40,80
50,80
60,80
110,80
120,80
130,80
150,80
160,80
170,80
180,80
190,80
200,80
210,80
220,80
230,80
290,80
300,80
10,90
20,90
30,90
40,90
50,90
60,90
70,90
110,90
120,90
130,90
170,90
180,90
190,90
290,90
300,90
10,100
20,100
30,100
40,100
50,100
60,100
70,100
80,100
90,100
100,100
110,100
120,100
240,100
250,100
260,100
290,100
300,100
80,110
90,110
100,110
110,110
120,110
290,110
300,110
280,120
290,120
300,120
290,130
300,130
10,140
20,140
30,140
40,140
50,140
60,140
70,140
290,140
300,140
10,150
20,150
30,150
40,150
50,150
60,150
70,150
80,150
250,150
260,150
290,150
300,150
10,160
20,160
30,160
40,160
50,160
60,160
70,160
80,160
90,160
220,160
230,160
290,160
300,160
10,170
20,170
30,170
40,170
50,170
60,170
70,170
80,170
90,170
100,170
130,170
160,170
190,170
290,170
300,170
10,180
20,180
30,180
40,180
50,180
60,180
70,180
80,180
90,180
100,180
130,180
160,180
190,180
290,180
300,180
-1,-1
130,10
150,10
90,30
190,30
40,40
60,40
230,40
270,70
150,90
200,90
180,100
240,110
100,120
270,130
250,160
220,170
-1,-1
-1,-1
260,30
130,50
140,50
150,50
280,50
120,60
160,60
170,60
180,70
270,70
40,80
50,80
60,80
110,80
190,80
200,80
210,80
220,80
230,80
10,90
20,90
30,90
70,90
80,100
90,100
240,100
250,100
260,100
280,120
270,130
10,140
20,140
30,140
40,140
50,140
60,140
80,150
250,150
260,150
90,160
220,160
230,160
100,170
130,170
190,170
-1,-1
100,90
-1,-1
-1,-1
160,160
-1,-1
