10,10
20,10
30,10
40,10
50,10
60,10
70,10
80,10
90,10
100,10
110,10
120,10
130,10
140,10
150,10
160,10
170,10
260,10
270,10
280,10
290,10
300,10
10,20
20,20
30,20
40,20
50,20
60,20
70,20
80,20
90,20
100,20
110,20
120,20
130,20
140,20
150,20
160,20
170,20
260,20
270,20
280,20
290,20
300,20
10,30
20,30
30,30
40,30
50,30
60,30
70,30
80,30
90,30
100,30
110,30
120,30
130,30
140,30
150,30
160,30
170,30
260,30
270,30
280,30
290,30
300,30
10,40
20,40
30,40
40,40
50,40
60,40
70,40
80,40
90,40
100,40
110,40
120,40
130,40
140,40
150,40
160,40
260,40
270,40
280,40
290,40
300,40
10,50
20,50
30,50
40,50
50,50
60,50
70,50
80,50
90,50
100,50
110,50
120,50
130,50
140,50
150,50
160,50
270,50
280,50
290,50
300,50
10,60
20,60
30,60
40,60
50,60
60,60
70,60
80,60
90,60
100,60
110,60
120,60
130,60
140,60
290,60
300,60
10,70
20,70
30,70
40,70
50,70
60,70
70,70
80,70
90,70
100,70
110,70
120,70
290,70
300,70
10,80
20,80
30,80
40,80
50,80
60,80
70,80
80,80
90,80
100,80
110,80
290,80
300,80
10,90
20,90
30,90
40,90
50,90
60,90
70,90
80,90
90,90
100,90
290,90
300,90
10,100
20,100
30,100
40,100
50,100
60,100
70,100
80,100
90,100
210,100
300,100
10,110
20,110
30,110
40,110
50,110
60,110
70,110
190,110
200,110
210,110
220,110
300,110
10,120
20,120
30,120
40,120
50,120
60,120
170,120
180,120
190,120
200,120
210,120
220,120
230,120
300,120
10,130
20,130
30,130
40,130
50,130
60,130
160,130
170,130
180,130
190,130
200,130
210,130
220,130
230,130
240,130
300,130
10,140
20,140
30,140
40,140
50,140
60,140
160,140
170,140
180,140
190,140
200,140
210,140
220,140
230,140
240,140
250,140
300,140
10,150
20,150
30,150
40,150
50,150
60,150
160,150
170,150
180,150
190,150
200,150
210,150
220,150
230,150
240,150
300,150
10,160
20,160
30,160
40,160
50,160
170,160
210,160
230,160
300,160
10,170
20,170
30,170
40,170
50,170
210,170
300,170
10,180
20,180
300,180
-1,-1
150,60
270,60
130,70
80,110
190,160
30,180
-1,-1
-1,-1
210,100
190,110
200,110
220,110
170,120
180,120
230,120
240,130
-1,-1
160,120
-1,-1
250,130
-1,-1
-1,-1
