10,10
20,10
30,10
40,10
50,10
60,10
70,10
80,10
90,10
100,10
110,10
120,10
130,10
140,10
150,10
160,10
170,10
180,10
190,10
200,10
210,10
220,10
230,10
240,10
250,10
260,10
270,10
280,10
290,10
300,10
10,20
20,20
30,20
40,20
50,20
60,20
70,20
80,20
90,20
100,20
110,20
120,20
130,20
140,20
150,20
160,20
170,20
180,20
190,20
210,20
220,20
230,20
240,20
250,20
280,20
290,20
300,20
10,30
20,30
30,30
40,30
140,30
150,30
160,30
170,30
180,30
10,40
20,40
30,40
140,40
180,40
10,50
20,50
30,50
140,50
180,50
10,60
20,60
30,60
140,60
10,70
20,70
30,70
140,70
10,80
20,80
30,80
10,90
20,90
30,90
10,100
20,100
30,100
80,100
90,100
100,100
110,100
10,110
20,110
30,110
40,110
70,110
10,120
20,120
30,120
40,120
10,130
20,130
30,130
40,130
50,130
10,140
20,140
30,140
40,140
50,140
300,140
10,150
20,150
30,150
40,150
50,150
60,150
150,150
160,150
170,150
180,150
190,150
200,150
210,150
220,150
230,150
290,150
300,150
10,160
20,160
30,160
40,160
50,160
60,160
70,160
140,160
150,160
160,160
170,160
180,160
190,160
200,160
210,160
220,160
230,160
240,160
280,160
290,160
300,160
10,170
20,170
30,170
40,170
50,170
60,170
70,170
80,170
130,170
140,170
150,170
160,170
170,170
180,170
190,170
200,170
210,170
220,170
230,170
240,170
250,170
260,170
270,170
280,170
290,170
300,170
10,180
20,180
30,180
40,180
50,180
60,180
70,180
80,180
90,180
120,180
130,180
140,180
150,180
160,180
170,180
180,180
190,180
200,180
210,180
220,180
230,180
240,180
250,180
260,180
270,180
280,180
290,180
300,180
-1,-1
260,20
50,30
70,30
90,30
120,30
220,30
240,30
290,30
150,40
80,110
100,110
-1,-1
-1,-1
80,100
90,100
100,100
40,110
70,110
50,130
60,150
160,150
170,150
180,150
190,150
200,150
210,150
220,150
290,150
70,160
140,160
240,160
280,160
80,170
130,170
250,170
260,170
270,170
90,180
120,180
-1,-1
110,90
-1,-1
-1,-1
-1,-1
