10,10
20,10
30,10
40,10
50,10
60,10
70,10
80,10
90,10
100,10
110,10
120,10
130,10
140,10
150,10
160,10
170,10
180,10
190,10
200,10
210,10
220,10
230,10
240,10
250,10
260,10
270,10
280,10
290,10
300,10
10,20
20,20
30,20
40,20
50,20
60,20
70,20
80,20
90,20
100,20
110,20
120,20
130,20
140,20
150,20
160,20
170,20
180,20
190,20
200,20
210,20
220,20
230,20
240,20
250,20
260,20
270,20
280,20
290,20
300,20
170,30
180,30
190,30
200,30
210,30
220,30
230,30
240,30
250,30
260,30
270,30
280,30
290,30
300,30
190,40
200,40
210,40
220,40
230,40
240,40
250,40
260,40
270,40
280,40
290,40
300,40
190,50
200,50
210,50
220,50
230,50
240,50
250,50
260,50
270,50
280,50
290,50
300,50
10,60
20,60
30,60
40,60
50,60
90,60
100,60
110,60
120,60
220,60
230,60
240,60
250,60
260,60
270,60
280,60
290,60
300,60
10,70
20,70
30,70
40,70
90,70
100,70
110,70
120,70
130,70
140,70
150,70
240,70
250,70
260,70
270,70
280,70
290,70
300,70
10,80
20,80
30,80
40,80
80,80
90,80
100,80
110,80
120,80
130,80
140,80
150,80
160,80
170,80
240,80
250,80
260,80
270,80
280,80
290,80
300,80
10,90
20,90
80,90
90,90
100,90
110,90
120,90
130,90
140,90
150,90
160,90
170,90
180,90
190,90
250,90
260,90
270,90
280,90
290,90
300,90
10,100
20,100
70,100
80,100
90,100
100,100
110,100
120,100
130,100
140,100
150,100
160,100
170,100
180,100
190,100
200,100
210,100
260,100
270,100
280,100
290,100
300,100
10,110
20,110
70,110
80,110
90,110
100,110
110,110
120,110
130,110
140,110
150,110
160,110
170,110
180,110
190,110
200,110
210,110
220,110
270,110
280,110
290,110
300,110
10,120
20,120
60,120
70,120
80,120
90,120
100,120
110,120
120,120
130,120
140,120
150,120
160,120
170,120
180,120
190,120
200,120
210,120
220,120
230,120
280,120
290,120
300,120
10,130
20,130
60,130
70,130
80,130
90,130
100,130
110,130
120,130
130,130
140,130
150,130
160,130
170,130
180,130
190,130
200,130
210,130
220,130
230,130
240,130
290,130
300,130
10,140
20,140
50,140
60,140
70,140
80,140
90,140
100,140
110,140
120,140
130,140
140,140
150,140
160,140
170,140
180,140
190,140
200,140
210,140
220,140
230,140
240,140
10,150
20,150
50,150
60,150
70,150
80,150
90,150
100,150
110,150
120,150
130,150
140,150
150,150
160,150
170,150
180,150
190,150
200,150
210,150
220,150
230,150
240,150
250,150
10,160
20,160
50,160
60,160
70,160
80,160
90,160
100,160
110,160
120,160
130,160
140,160
150,160
160,160
170,160
180,160
190,160
200,160
210,160
220,160
230,160
240,160
250,160
260,160
10,170
20,170
50,170
60,170
70,170
80,170
90,170
100,170
110,170
120,170
130,170
140,170
150,170
160,170
170,170
180,170
190,170
200,170
210,170
220,170
230,170
240,170
250,170
260,170
10,180
20,180
50,180
60,180
70,180
80,180
90,180
100,180
110,180
120,180
130,180
140,180
150,180
160,180
170,180
180,180
190,180
200,180
210,180
220,180
230,180
240,180
250,180
260,180
270,180
280,180
290,180
300,180
-1,-1
10,30
30,30
50,30
70,30
90,30
110,30
130,30
150,30
170,40
200,60
220,70
30,90
290,140
-1,-1
-1,-1
10,60
20,60
30,60
40,60
100,60
110,60
130,70
140,70
80,80
160,80
180,90
70,100
200,100
220,110
60,120
230,120
240,130
50,140
250,150
260,160
270,180
280,180
290,180
-1,-1
-1,-1
-1,-1
-1,-1
