10,10
20,10
30,10
40,10
50,10
260,10
270,10
280,10
290,10
300,10
10,20
20,20
30,20
40,20
50,20
300,20
10,30
20,30
30,30
300,30
10,40
20,40
30,40
290,40
300,40
10,50
20,50
280,50
290,50
300,50
10,60
20,60
280,60
290,60
300,60
10,70
290,70
300,70
10,80
290,80
300,80
10,90
290,90
300,90
10,100
290,100
300,100
10,110
20,110
290,110
300,110
300,120
300,130
300,140
210,150
220,150
230,150
240,150
300,150
10,160
20,160
190,160
200,160
210,160
220,160
230,160
240,160
250,160
280,160
290,160
300,160
10,170
20,170
30,170
170,170
180,170
190,170
200,170
210,170
220,170
230,170
240,170
250,170
270,170
280,170
290,170
300,170
10,180
20,180
30,180
40,180
50,180
60,180
70,180
80,180
90,180
100,180
110,180
120,180
130,180
140,180
150,180
160,180
170,180
180,180
190,180
200,180
210,180
220,180
230,180
240,180
250,180
260,180
270,180
280,180
290,180
300,180
-1,-1
260,20
280,20
170,90
270,100
140,140
110,150
-1,-1
210,110
240,110
10,120
290,120
60,140
90,140
-1,-1
170,90
180,90
270,100
110,150
120,150
220,150
230,150
20,160
200,160
250,160
280,160
30,170
180,170
270,170
40,180
50,180
70,180
80,180
100,180
110,180
120,180
130,180
140,180
150,180
160,180
260,180
-1,-1
20,100
-1,-1
280,90
-1,-1
-1,-1
