10,10
20,10
30,10
40,10
50,10
60,10
70,10
80,10
90,10
100,10
110,10
120,10
130,10
140,10
150,10
160,10
170,10
180,10
190,10
200,10
210,10
220,10
230,10
240,10
250,10
260,10
270,10
280,10
290,10
300,10
10,20
20,20
30,20
40,20
50,20
60,20
70,20
80,20
90,20
100,20
110,20
120,20
130,20
140,20
150,20
160,20
170,20
180,20
190,20
200,20
210,20
220,20
230,20
240,20
250,20
260,20
270,20
280,20
290,20
300,20
20,30
30,30
40,30
50,30
60,30
100,30
110,30
120,30
130,30
190,30
200,30
210,30
220,30
240,30
250,30
260,30
270,30
280,30
290,30
300,30
20,40
30,40
40,40
50,40
60,40
100,40
110,40
120,40
130,40
200,40
210,40
220,40
250,40
260,40
270,40
280,40
290,40
300,40
30,50
40,50
50,50
60,50
70,50
110,50
120,50
200,50
210,50
250,50
260,50
270,50
290,50
30,60
40,60
50,60
60,60
70,60
110,60
120,60
200,60
260,60
270,60
290,60
30,70
40,70
50,70
110,70
290,70
30,80
40,80
50,80
110,80
40,90
50,90
40,100
10,140
20,140
30,140
290,140
300,140
10,150
20,150
30,150
40,150
280,150
290,150
300,150
10,160
20,160
30,160
40,160
50,160
60,160
70,160
80,160
220,160
230,160
240,160
250,160
260,160
270,160
280,160
290,160
300,160
10,170
20,170
30,170
40,170
50,170
60,170
260,170
270,170
280,170
290,170
300,170
10,180
20,180
30,180
40,180
50,180
60,180
260,180
270,180
280,180
290,180
300,180
-1,-1
70,30
150,30
170,30
60,70
260,70
100,160
140,160
180,160
-1,-1
-1,-1
10,140
20,140
30,140
290,140
300,140
40,150
280,150
50,160
60,160
70,160
100,160
110,160
140,160
150,160
180,160
190,160
250,160
260,160
270,160
-1,-1
80,150
-1,-1
-1,-1
-1,-1
