10,10
20,10
30,10
40,10
50,10
60,10
70,10
80,10
90,10
100,10
110,10
120,10
130,10
140,10
150,10
160,10
170,10
180,10
190,10
200,10
210,10
220,10
230,10
240,10
250,10
260,10
270,10
280,10
290,10
300,10
10,20
20,20
30,20
40,20
50,20
60,20
70,20
80,20
90,20
100,20
110,20
120,20
130,20
140,20
150,20
160,20
170,20
180,20
190,20
200,20
210,20
220,20
230,20
240,20
250,20
260,20
270,20
280,20
290,20
300,20
10,30
20,30
30,30
40,30
50,30
60,30
70,30
80,30
90,30
100,30
110,30
120,30
130,30
140,30
150,30
160,30
170,30
180,30
190,30
200,30
210,30
220,30
230,30
240,30
250,30
260,30
270,30
280,30
290,30
300,30
10,40
20,40
30,40
100,40
110,40
120,40
130,40
140,40
150,40
160,40
170,40
180,40
190,40
200,40
210,40
220,40
230,40
240,40
250,40
260,40
270,40
280,40
290,40
300,40
10,50
20,50
160,50
170,50
180,50
190,50
200,50
210,50
220,50
230,50
300,50
160,60
30,80
40,80
50,80
60,80
70,80
80,80
90,80
10,90
20,90
30,90
40,90
50,90
60,90
70,90
80,90
90,90
100,90
110,90
120,90
130,90
250,90
260,90
270,90
280,90
290,90
300,90
10,100
20,100
110,100
120,100
130,100
140,100
150,100
210,100
220,100
230,100
240,100
250,100
260,100
270,100
280,100
290,100
300,100
130,110
140,110
150,110
160,110
170,110
180,110
190,110
200,110
210,110
220,110
230,110
240,110
250,110
160,120
170,120
180,120
190,120
200,120
210,120
50,130
60,130
70,130
10,140
20,140
30,140
40,140
50,140
60,140
70,140
80,140
90,140
100,140
110,140
270,140
280,140
290,140
300,140
10,150
20,150
30,150
40,150
50,150
60,150
70,150
80,150
90,150
100,150
110,150
120,150
130,150
140,150
240,150
250,150
260,150
270,150
280,150
290,150
300,150
10,160
20,160
30,160
40,160
50,160
60,160
70,160
80,160
90,160
100,160
110,160
120,160
130,160
140,160
150,160
160,160
170,160
180,160
190,160
200,160
210,160
220,160
230,160
240,160
250,160
260,160
270,160
280,160
290,160
300,160
10,170
20,170
30,170
40,170
50,170
60,170
70,170
80,170
90,170
100,170
110,170
120,170
130,170
140,170
150,170
160,170
170,170
180,170
190,170
200,170
210,170
220,170
230,170
240,170
250,170
260,170
270,170
280,170
290,170
300,170
10,180
20,180
30,180
40,180
50,180
60,180
70,180
80,180
90,180
100,180
110,180
120,180
130,180
140,180
150,180
160,180
170,180
180,180
190,180
200,180
210,180
220,180
230,180
240,180
250,180
260,180
270,180
280,180
290,180
300,180
-1,-1
40,40
60,40
80,40
120,50
140,50
240,50
260,50
280,50
170,60
190,60
210,60
30,100
90,100
110,110
260,110
140,120
220,120
-1,-1
-1,-1
40,80
50,80
60,80
70,80
80,80
10,90
20,90
100,90
110,90
120,90
260,90
270,90
280,90
290,90
300,90
140,100
220,100
230,100
240,100
160,110
170,110
180,110
190,110
200,110
50,130
60,130
70,130
10,140
20,140
30,140
40,140
80,140
90,140
100,140
110,140
280,140
290,140
300,140
120,150
130,150
240,150
250,150
260,150
150,160
160,160
170,160
180,160
190,160
200,160
210,160
220,160
230,160
-1,-1
-1,-1
-1,-1
-1,-1
