10,10
20,10
30,10
40,10
50,10
250,10
260,10
270,10
280,10
10,50
20,50
70,50
300,50
10,60
20,60
60,60
70,60
300,60
10,70
20,70
60,70
70,70
250,70
260,70
300,70
10,80
20,80
50,80
60,80
210,80
220,80
230,80
240,80
270,80
300,80
10,90
20,90
50,90
60,90
200,90
210,90
220,90
300,90
10,100
20,100
50,100
60,100
190,100
200,100
290,100
300,100
10,110
20,110
50,110
60,110
180,110
190,110
200,110
260,110
270,110
280,110
290,110
300,110
10,120
20,120
60,120
170,120
180,120
190,120
250,120
260,120
270,120
280,120
290,120
300,120
10,130
60,130
160,130
170,130
240,130
250,130
260,130
270,130
280,130
290,130
300,130
150,140
230,140
240,140
250,140
260,140
270,140
280,140
290,140
300,140
140,150
150,150
230,150
240,150
250,150
260,150
270,150
280,150
290,150
300,150
130,160
140,160
150,160
220,160
230,160
240,160
250,160
260,160
270,160
280,160
290,160
300,160
10,170
20,170
30,170
40,170
50,170
120,170
130,170
140,170
150,170
210,170
220,170
230,170
240,170
250,170
260,170
270,170
280,170
290,170
300,170
10,180
20,180
30,180
40,180
50,180
60,180
70,180
80,180
90,180
100,180
110,180
120,180
130,180
140,180
150,180
160,180
170,180
180,180
190,180
200,180
210,180
220,180
230,180
240,180
250,180
260,180
270,180
280,180
290,180
300,180
-1,-1
290,10
40,20
250,20
270,20
80,50
280,50
250,80
230,90
210,100
180,130
160,140
-1,-1
230,100
20,130
60,140
180,140
-1,-1
10,50
20,50
70,50
80,50
90,50
280,50
290,50
300,50
60,60
250,70
260,70
50,80
210,80
220,80
230,80
240,80
270,80
200,90
190,100
290,100
180,110
260,110
270,110
280,110
170,120
250,120
160,130
240,130
150,140
140,150
130,160
220,160
10,170
30,170
40,170
50,170
120,170
210,170
70,180
80,180
90,180
100,180
110,180
160,180
190,180
200,180
-1,-1
-1,-1
170,170
-1,-1
-1,-1
