10,10
20,10
30,10
60,10
70,10
80,10
90,10
100,10
110,10
120,10
130,10
140,10
150,10
160,10
170,10
180,10
190,10
200,10
210,10
220,10
230,10
240,10
250,10
260,10
270,10
280,10
290,10
300,10
10,20
20,20
30,20
110,20
120,20
130,20
140,20
150,20
160,20
170,20
180,20
190,20
200,20
210,20
220,20
230,20
240,20
250,20
260,20
270,20
280,20
290,20
300,20
10,30
20,30
30,30
40,30
160,30
170,30
180,30
190,30
200,30
210,30
220,30
230,30
240,30
250,30
260,30
270,30
280,30
290,30
300,30
10,40
20,40
30,40
60,40
70,40
190,40
200,40
210,40
220,40
230,40
240,40
250,40
260,40
270,40
280,40
290,40
300,40
10,50
20,50
30,50
90,50
100,50
190,50
200,50
210,50
220,50
230,50
240,50
250,50
260,50
270,50
280,50
290,50
300,50
10,60
20,60
30,60
40,60
120,60
130,60
200,60
210,60
220,60
230,60
240,60
250,60
260,60
270,60
280,60
290,60
300,60
10,70
20,70
30,70
40,70
150,70
230,70
240,70
250,70
260,70
270,70
280,70
290,70
300,70
10,80
20,80
30,80
40,80
150,80
170,80
230,80
240,80
250,80
260,80
270,80
280,80
290,80
300,80
10,90
20,90
30,90
40,90
170,90
180,90
240,90
250,90
260,90
270,90
280,90
10,100
20,100
180,100
190,100
10,110
20,110
190,110
200,110
10,120
20,120
30,120
200,120
10,130
20,130
30,130
200,130
210,130
280,130
290,130
300,130
10,140
20,140
200,140
210,140
270,140
280,140
290,140
300,140
10,150
20,150
30,150
270,150
280,150
290,150
300,150
10,160
20,160
30,160
40,160
110,160
120,160
130,160
140,160
150,160
160,160
260,160
270,160
280,160
290,160
300,160
10,170
20,170
30,170
40,170
80,170
90,170
100,170
110,170
120,170
130,170
140,170
150,170
160,170
170,170
260,170
270,170
280,170
290,170
300,170
10,180
20,180
30,180
40,180
50,180
60,180
70,180
80,180
90,180
100,180
110,180
120,180
130,180
140,180
150,180
160,180
170,180
180,180
190,180
200,180
210,180
220,180
230,180
240,180
250,180
260,180
270,180
280,180
290,180
300,180
-1,-1
140,30
170,40
60,50
90,60
120,70
210,70
30,100
240,100
260,100
200,150
220,150
-1,-1
-1,-1
40,30
60,40
70,40
90,50
100,50
120,60
130,60
150,70
170,80
180,90
190,100
200,110
30,120
210,130
280,130
290,130
300,130
270,140
30,150
220,150
230,150
40,160
110,160
120,160
130,160
140,160
150,160
160,160
260,160
80,170
90,170
100,170
170,170
50,180
60,180
70,180
180,180
190,180
200,180
210,180
220,180
230,180
240,180
250,180
-1,-1
-1,-1
-1,-1
-1,-1
