10,10
20,10
300,10
10,20
20,20
300,20
10,30
20,30
300,30
10,40
20,40
60,40
70,40
290,40
300,40
10,50
20,50
50,50
60,50
70,50
80,50
280,50
290,50
300,50
10,60
60,60
70,60
80,60
90,60
280,60
290,60
300,60
10,70
20,70
70,70
80,70
90,70
100,70
230,70
270,70
280,70
290,70
300,70
10,80
20,80
80,80
90,80
100,80
200,80
210,80
220,80
230,80
270,80
280,80
290,80
300,80
10,90
20,90
30,90
80,90
90,90
100,90
110,90
140,90
150,90
180,90
190,90
200,90
210,90
220,90
230,90
240,90
260,90
270,90
280,90
290,90
300,90
10,100
20,100
30,100
40,100
70,100
80,100
90,100
100,100
110,100
120,100
130,100
140,100
150,100
160,100
170,100
180,100
190,100
200,100
210,100
220,100
230,100
240,100
250,100
260,100
270,100
280,100
290,100
300,100
10,110
20,110
30,110
40,110
90,110
140,110
190,110
240,110
290,110
300,110
60,150
70,150
10,160
20,160
30,160
40,160
50,160
60,160
70,160
90,160
110,160
120,160
130,160
140,160
190,160
240,160
260,160
270,160
290,160
300,160
10,170
20,170
30,170
40,170
50,170
60,170
70,170
80,170
90,170
100,170
110,170
120,170
130,170
140,170
150,170
180,170
190,170
200,170
210,170
220,170
230,170
240,170
250,170
260,170
270,170
280,170
290,170
300,170
10,180
20,180
30,180
40,180
50,180
60,180
70,180
80,180
90,180
100,180
110,180
120,180
130,180
140,180
150,180
160,180
170,180
180,180
190,180
200,180
210,180
220,180
230,180
240,180
250,180
260,180
270,180
280,180
290,180
300,180
-1,-1
70,110
100,110
120,110
150,110
170,110
200,110
220,110
250,110
270,110
-1,-1
40,120
90,120
140,120
190,120
240,120
290,120
-1,-1
290,40
80,50
280,50
90,60
20,70
100,70
230,70
270,70
210,80
220,80
30,90
110,90
140,90
150,90
180,90
190,90
240,90
260,90
40,100
70,100
120,100
130,100
160,100
170,100
250,100
60,150
10,160
20,160
30,160
50,160
120,160
130,160
260,160
270,160
300,160
80,170
100,170
150,170
180,170
200,170
210,170
220,170
230,170
250,170
280,170
160,180
170,180
-1,-1
-1,-1
-1,-1
-1,-1
