10,120
250,120
260,120
270,120
280,120
290,120
300,120
10,130
240,130
250,130
260,130
270,130
280,130
290,130
300,130
230,180
240,180
250,180
260,180
270,180
280,180
290,180
300,180
-1,-1
10,180
30,180
50,180
70,180
90,180
110,180
130,180
150,180
170,180
190,180
210,180
-1,-1
10,140
240,140
300,140
-1,-1
-1,-1
20,10
30,10
40,10
50,10
80,10
10,20
30,20
70,20
90,20
30,30
70,30
90,30
30,40
50,40
80,40
40,50
30,60
20,70
60,70
50,80
70,80
50,90
60,90
70,90
50,100
70,100
-1,-1
30,120
40,120
40,130
160,130
190,130
200,130
40,140
100,140
130,140
160,140
190,140
210,140
40,150
60,150
90,150
110,150
130,150
140,150
160,150
190,150
220,150
40,160
70,160
90,160
100,160
110,160
130,160
150,160
160,160
190,160
210,160
40,170
50,170
60,170
70,170
90,170
110,170
130,170
160,170
190,170
200,170
-1,-1
140,10
150,10
160,10
170,10
200,10
230,10
270,10
290,10
300,10
130,20
150,20
190,20
210,20
230,20
240,20
260,20
270,20
290,20
300,20
150,30
190,30
200,30
210,30
230,30
250,30
270,30
290,30
150,40
170,40
190,40
210,40
230,40
270,40
290,40
300,40
160,50
150,60
140,70
-1,-1
