10,10
20,10
270,10
280,10
290,10
300,10
10,20
20,20
280,20
290,20
300,20
10,30
20,30
290,30
300,30
10,40
20,40
290,40
300,40
10,50
20,50
290,50
300,50
10,60
20,60
290,60
300,60
10,70
290,70
300,70
290,80
300,80
290,90
300,90
290,100
300,100
290,110
300,110
290,120
300,120
10,130
20,130
290,130
300,130
10,140
20,140
280,140
290,140
300,140
10,150
20,150
30,150
280,150
290,150
300,150
10,160
20,160
30,160
270,160
280,160
290,160
300,160
10,170
20,170
30,170
40,170
270,170
280,170
290,170
300,170
10,180
20,180
30,180
40,180
50,180
260,180
270,180
280,180
290,180
300,180
-1,-1
140,180
-1,-1
-1,-1
10,130
20,130
280,140
30,150
40,170
50,180
260,180
-1,-1
-1,-1
270,150
-1,-1
-1,-1
