10,10
20,10
30,10
40,10
50,10
60,10
70,10
80,10
90,10
100,10
110,10
120,10
130,10
140,10
150,10
160,10
170,10
180,10
190,10
200,10
210,10
220,10
10,20
20,20
30,20
40,20
50,20
60,20
70,20
80,20
90,20
100,20
110,20
120,20
130,20
140,20
150,20
160,20
170,20
180,20
190,20
10,30
20,30
30,30
40,30
50,30
60,30
70,30
80,30
90,30
100,30
130,30
140,30
150,30
160,30
10,40
20,40
30,40
40,40
230,50
240,50
250,50
260,50
270,50
280,50
290,50
300,50
220,60
230,60
240,60
250,60
260,60
270,60
280,60
290,60
300,60
170,70
180,70
190,70
220,70
230,70
240,70
290,70
300,70
50,80
60,80
70,80
80,80
90,80
100,80
140,80
150,80
160,80
170,80
180,80
190,80
220,80
230,80
300,80
40,90
50,90
60,90
70,90
80,90
90,90
150,90
160,90
170,90
180,90
300,90
30,100
40,100
50,100
60,100
70,100
290,100
300,100
10,110
20,110
30,110
40,110
50,110
290,110
300,110
10,120
20,120
30,120
40,120
280,120
290,120
300,120
10,130
20,130
30,130
40,130
280,130
290,130
300,130
10,140
20,140
30,140
280,140
290,140
300,140
10,150
20,150
30,150
280,150
290,150
300,150
10,160
20,160
300,160
10,170
20,170
300,170
10,180
20,180
300,180
-1,-1
230,10
250,10
270,10
290,10
200,20
110,30
170,30
50,40
70,40
130,40
150,40
250,70
270,70
220,90
80,100
150,100
170,100
60,110
280,160
-1,-1
220,20
190,30
90,40
-1,-1
240,50
250,50
260,50
270,50
280,50
290,50
170,70
180,70
60,80
70,80
80,80
150,80
160,80
40,90
30,100
290,100
10,110
20,110
280,120
-1,-1
-1,-1
-1,-1
-1,-1
