10,10
20,10
30,10
40,10
50,10
60,10
70,10
80,10
120,10
130,10
140,10
150,10
160,10
170,10
180,10
190,10
200,10
210,10
220,10
230,10
240,10
250,10
260,10
270,10
280,10
290,10
300,10
10,20
20,20
30,20
40,20
50,20
60,20
70,20
80,20
130,20
140,20
150,20
160,20
170,20
180,20
190,20
200,20
210,20
220,20
230,20
240,20
250,20
260,20
270,20
280,20
290,20
300,20
10,30
20,30
30,30
40,30
50,30
60,30
70,30
80,30
250,30
260,30
270,30
280,30
290,30
300,30
10,40
20,40
30,40
40,40
50,40
60,40
70,40
80,40
260,40
270,40
280,40
290,40
300,40
10,50
20,50
30,50
40,50
50,50
60,50
270,50
280,50
290,50
300,50
10,60
20,60
30,60
40,60
50,60
60,60
130,60
140,60
150,60
160,60
170,60
180,60
190,60
200,60
210,60
220,60
280,60
290,60
300,60
10,70
20,70
30,70
40,70
50,70
60,70
120,70
130,70
140,70
150,70
160,70
170,70
180,70
190,70
200,70
210,70
220,70
230,70
280,70
290,70
300,70
10,80
20,80
30,80
40,80
50,80
60,80
70,80
120,80
130,80
140,80
150,80
160,80
170,80
180,80
190,80
200,80
210,80
220,80
230,80
240,80
280,80
290,80
300,80
10,90
20,90
30,90
40,90
50,90
60,90
70,90
80,90
170,90
180,90
190,90
200,90
210,90
220,90
230,90
240,90
250,90
280,90
290,90
300,90
10,100
20,100
30,100
40,100
50,100
60,100
70,100
80,100
280,100
290,100
300,100
10,110
20,110
30,110
40,110
50,110
60,110
70,110
80,110
270,110
280,110
290,110
300,110
10,120
20,120
30,120
40,120
50,120
60,120
120,120
130,120
140,120
260,120
270,120
280,120
290,120
300,120
10,130
20,130
30,130
40,130
50,130
140,130
150,130
160,130
170,130
180,130
190,130
200,130
210,130
220,130
230,130
240,130
250,130
260,130
270,130
280,130
290,130
300,130
10,140
20,140
30,140
150,140
160,140
170,140
190,140
200,140
210,140
220,140
230,140
250,140
260,140
270,140
280,140
290,140
90,150
100,150
80,160
90,160
100,160
110,160
70,170
80,170
90,170
100,170
110,170
120,170
10,180
20,180
30,180
40,180
50,180
60,180
70,180
80,180
90,180
100,180
110,180
120,180
130,180
140,180
150,180
160,180
170,180
180,180
190,180
200,180
210,180
220,180
230,180
240,180
250,180
260,180
270,180
280,180
290,180
300,180
-1,-1
150,30
170,30
190,30
210,30
230,30
70,50
130,90
150,90
180,100
200,100
220,100
70,120
40,140
-1,-1
180,140
240,140
300,140
-1,-1
130,60
140,60
150,60
160,60
170,60
180,60
190,60
200,60
210,60
220,60
120,70
230,70
70,80
240,80
80,90
250,90
270,110
130,120
140,120
260,120
150,130
160,130
170,130
180,130
190,130
200,130
210,130
220,130
230,130
240,130
250,130
90,150
100,150
80,160
110,160
70,170
120,170
10,180
20,180
30,180
40,180
50,180
60,180
130,180
140,180
150,180
160,180
190,180
200,180
210,180
220,180
230,180
250,180
260,180
270,180
280,180
290,180
-1,-1
120,110
-1,-1
170,170
-1,-1
-1,-1
